# Remember to create empty HILLS and COLVAR files in case you are doing the first run with RESTART option.
# <fill> = necessary an input.
# <?> = necessary a file.
#RESTART

WHOLEMOLECULES ENTITY0=5,16,23,41,53,63,82,101,113,129,148,162,181,197,211,218,233,248,258,276,288,295,306,332,344,368,385,401,412,431,448,460,482,496,503,523,540,560,570,577,584,595,614,633,647,662,676,700,716,732,746,756,766,783,793,800,816,830,844,855,867,883,899,915,925,932,947,967,979,996,1003,1014,1025,1036,1051,1073,1092,1109,1131,1150,1172,1191,1201,1223,1239,1259,1281,1295,1306,1328,1349,1363,1374,1393,1407,1426,1440,1454,1466,1485,1499,1518,1537,1559,1578,1589,1603,1613,1623,1634,1654,1665,1682,1696,1712,1723,1733,1749,1760,1781,1793,1804,1814,1825,1837,1849,1869,1879,1889,1896,1910,1924,1935,1951,1965,1979,1986,2010,2017,2036,2050,2074,2098,2108,2122,2138,2150,2162,2186,2205,2222,2239,2249,2260,2281,2293,2312,2331,2342,2356,2370,2384,2394,2416,2438,2459,2483,2490,2504,2526,2545,2567,2579,2589,2606,2625,2635,2645,2652,2662,2673,2680,2696,2707,2718,2728,2745,2752,2764,2775,2782,2791,2803,2822,2838,2849,2871,2893,2907,2914,2924,2948,2962,2981,3093,2997,3004,3023,3039,3050,3074,3081,3103,3117,3127,3138,3152,3163,3179,3191,3198,3214,3235,3245,3269,3285,3299,3309,3328,3344,3358,3382,3398,3415,3432,3446,3465,3475,3485,2490,3502,3504,3508,3509,3510,3511,3514,3516,3519,3522,3523,3524,3525,3528,3530,3533,3536,3537,3538,3540,3542,3545,3546,3548,3550,3552,3554,3556,3557

lig: COM ATOMS=3502,3504,3508,3509,3510,3511,3514,3516,3519,3522,3523,3524,3525,3528,3530,3533,3536,3537,3538,3540,3542,3545,3546,3548,3550,3552,3554,3556,3557

fps: FUNNEL_PS LIGAND=lig REFERENCE=ref22.pdb ANCHOR=2490 POINTS=7.104,7.068,5.978,8.11,6.99,5.423

FUNNEL ARG=fps.lp,fps.ld ZCC=1.5 ALPHA=0.6 RCYL=0.1 MINS=-1 MAXS=5 KAPPA=35100 NBINS=500 NBINZ=500 FILE=BIAS LABEL=funnel WALKERS_MPI

D0: DISTANCE ATOMS=2769,3536

# remove BIASFACTOR if you want to perform standard metadynamics
METAD ARG=D0 SIGMA=0.1 HEIGHT=2 PACE=500 TEMP=300 BIASFACTOR=18 GRID_MIN=-10 GRID_MAX=50 GRID_WFILE=grid_w.dat GRID_WSTRIDE=250000 WALKERS_MPI

LOWER_WALLS ARG=fps.lp AT=-0.2 KAPPA=500000 EXP=2 OFFSET=0 LABEL=lwall

UPPER_WALLS ARG=fps.lp AT=4.5 KAPPA=500000 EXP=2 OFFSET=0 LABEL=uwall

UPPER_WALLS ARG=D0 AT=4.3 KAPPA=500000 EXP=2 OFFSET=0 LABEL=uwall_D0

PRINT STRIDE=1 ARG=* FILE=COLVAR

